1 80.55342465753425
2 80.00821917808219
3 80.40547945205479
4 79.52876712328766
5 79.35342465753425
6 80.23561643835616
7 79.53972602739726
8 79.69041095890411
9 79.47397260273972
10 80.53150684931506
11 80.07671232876713
12 81.18904109589042
13 80.75890410958904
14 79.69041095890411
15 80.06575342465753
16 79.66027397260274
17 80.43013698630136
18 79.40821917808219
19 78.72602739726027
20 79.51506849315068
21 80.05205479452054
22 80.47123287671234
23 80.11232876712329
24 79.21369863013699
25 79.10958904109589
26 79.87123287671233
27 79.4986301369863
28 79.33972602739726
29 80.10684931506849
30 80.78356164383561
31 80.48219178082192
32 80.46575342465754
33 80.43561643835616
34 79.47397260273972
35 80.41369863013699
36 80.24657534246575
37 79.95616438356164
38 79.71232876712328
39 79.8027397260274
40 79.86301369863014
41 79.13698630136986
42 80.67123287671232
43 79.2027397260274
44 80.03013698630137
45 80.41643835616438
46 80.06575342465753
47 79.6054794520548
48 78.93150684931507
49 80.64109589041095
50 80.47397260273972
51 79.97260273972603
52 79.04657534246576
53 79.22191780821917
54 79.52054794520548
55 79.89041095890411
56 80.21917808219177
57 80.6027397260274
58 79.72876712328767
59 79.8082191780822
60 79.77260273972603
61 79.08219178082192
62 80.01643835616439
63 79.73698630136987
64 79.13972602739726
