1 9.742109589041094
2 9.764109589041093
3 9.840109589041091
4 9.939150684931503
5 9.652630136986296
6 10.198904109589042
7 9.822657534246574
8 9.471726027397267
9 10.205561643835617
10 9.997589041095898
11 10.176
12 9.772602739726027
13 10.440219178082199
14 10.574191780821923
15 9.744684931506852
16 9.928410958904108
17 9.93060273972603
18 10.103342465753434
19 10.002712328767124
20 10.059561643835616
21 10.415232876712325
22 10.195369863013703
23 9.313999999999998
24 9.822410958904108
25 9.540027397260282
26 10.040630136986294
27 10.31632876712329
28 10.062904109589038
29 9.562054794520545
30 10.026547945205488
31 9.776630136986297
32 10.278547945205478
33 10.155589041095888
34 9.676821917808217
35 10.507178082191787
36 9.756657534246573
37 9.84567123287671
38 10.18213698630137
39 10.480657534246566
40 10.091287671232875
41 9.817315068493157
42 9.464082191780824
43 10.101095890410951
44 9.382602739726025
45 10.094821917808224
46 10.00235616438356
47 9.882958904109593
48 10.385589041095885
49 10.151123287671231
50 10.248273972602739
51 9.681041095890414
52 9.66295890410959
53 9.629890410958906
54 10.386410958904111
55 9.001643835616436
56 9.718575342465755
57 10.060301369863021
58 9.841890410958904
59 10.048520547945207
60 10.414630136986302
61 9.328301369863011
62 10.020493150684938
63 9.740602739726032
64 10.449150684931494
